SLListInsert
1,0
2,0
3,48
4,80
5,128
6,176
7,224
8,272
9,320
10,368
11,416
12,464
13,512
14,560
15,608
16,656
17,704
18,752
19,800
20,848
21,896
22,944
23,992
24,1040
25,1088
26,1136
27,1184
28,1232
29,1280
30,1328
31,1376
32,1424
33,1472
34,1520
35,1568
36,1616
37,1680
38,1728
39,1776
40,1808
41,1856
42,1904
43,1968
44,2016
45,2064
46,2112
47,2160
48,2208
49,2256
50,2304
51,2336
52,2384
53,2432
54,2464
55,2512
56,2560
57,2592
58,2640
59,2688
60,2720
61,2768
62,2816
63,2864
64,2896
65,2944
66,2976
67,3024
68,3072
69,3104
70,3152
71,3200
72,3248
73,3280
74,3328
75,3376
76,3408
77,3456
78,3504
79,3536
80,3584
81,3632
82,3664
83,3712
84,3760
85,3792
86,3840
87,3888
88,3936
89,3984
90,4048
91,4096
92,4128
93,4192
94,4240
95,4288
96,4336
97,4384
98,4432
99,4480
100,4528
101,4576
102,4624
103,4672
104,4720
105,4768
106,4816
107,4864
108,4912
109,4960
110,5008
111,5056
112,5088
113,5152
114,5200
115,5232
116,5280
117,5328
118,5376
119,5440
120,5488
121,5536
122,5584
123,5632
124,5680
125,5712
126,5776
127,5824
128,5872
129,5920
130,5968
131,6016
132,6064
133,6112
134,6144
135,6208
136,6240
137,6288
138,6352
139,6400
140,6448
141,6496
142,6544
143,6592
144,6624
145,6672
146,6720
147,6784
148,6832
149,6864
150,6928
151,6976
152,7008
153,7056
154,7120
155,7168
156,7216
157,7264
158,7312
159,7360
160,7408
161,7456
162,7504
163,7552
164,7600
165,7648
166,7680
167,7728
168,7776
169,7824
170,7872
171,7920
172,7968
173,8016
174,8064
175,8112
176,8160
177,8208
178,8256
179,8320
180,8368
181,8416
182,8464
183,8496
184,8544
185,8592
186,8624
187,8672
188,8704
189,8752
190,8784
191,8832
192,8864
193,8912
194,8928
195,8960
196,8976
197,9008
198,9040
199,9056
200,9088
201,9120
202,9168
203,9216
204,9264
205,9312
206,9360
207,9392
208,9440
209,9472
210,9520
211,9552
212,9600
213,9648
214,9696
215,9744
216,9792
217,9840
218,9888
219,9936
220,9984
221,10032
222,10080
223,10128
224,10176
225,10224
226,10272
227,10320
228,10368
229,10400
230,10448
231,10496
232,10544
233,10592
234,10640
235,10688
236,10736
237,10784
238,10832
239,10880
240,10928
241,10976
242,11024
243,11056
244,11104
245,11152
246,11184
247,11232
248,11280
249,11312
250,11360
251,11408
252,11456
253,11504
254,11552
255,11600
256,11648
257,11696
258,11744
259,11792
260,11840
261,11888
262,11936
263,11984
264,12032
265,12080
266,12128
267,12176
268,12224
269,12272
270,12320
271,12368
272,12416
273,12464
274,12512
275,12560
276,12608
277,12656
278,12704
279,12752
280,12800
281,12848
282,12896
283,12944
284,12976
285,13024
286,13072
287,13104
288,13152
289,13200
290,13248
291,13264
292,13296
293,13328
294,13376
295,13424
296,13472
297,13536
298,13568
299,13616
300,13664
301,13696
302,13744
303,13792
304,13856
305,13888
306,13952
307,13984
308,14032
309,14080
310,14128
311,14176
312,14224
313,14272
314,14336
315,14368
316,14416
317,14480
318,14512
319,14560
320,14608
321,14656
322,14720
323,14752
324,14800
325,14864
326,14912
327,14960
328,14992
329,15040
330,15088
331,15136
332,15184
333,15232
334,15280
335,15328
336,15376
337,15424
338,15472
339,15520
340,15568
341,15616
342,15664
343,15712
344,15760
345,15808
346,15856
347,15904
348,15952
349,16000
350,16000