SkiplistInsert optimized
1,0
2,0
3,88
4,136
5,200
6,248
7,336
8,392
9,456
10,520
11,568
12,632
13,688
14,760
15,824
16,896
17,960
18,1016
19,1088
20,1136
21,1200
22,1264
23,1312
24,1376
25,1432
26,1504
27,1544
28,1616
29,1680
30,1728
31,1800
32,1848
33,1936
34,2000
35,2056
36,2120
37,2168
38,2232
39,2296
40,2360
41,2408
42,2472
43,2536
44,2584
45,2648
46,2720
47,2768
48,2840
49,2888
50,2952
51,3008
52,3072
53,3120
54,3184
55,3240
56,3312
57,3376
58,3424
59,3488
60,3536
61,3600
62,3664
63,3712
64,3776
65,3824
66,3896
67,3960
68,4016
69,4080
70,4136
71,4200
72,4248
73,4320
74,4376
75,4448
76,4504
77,4568
78,4624
79,4688
80,4752
81,4800
82,4856
83,4920
84,4984
85,5040
86,5120
87,5176
88,5208
89,5280
90,5352
91,5400
92,5464
93,5512
94,5576
95,5640
96,5688
97,5768
98,5824
99,5896
100,5944
101,6008
102,6056
103,6120
104,6168
105,6240
106,6312
107,6360
108,6424
109,6480
110,6552
111,6616
112,6672
113,6736
114,6784
115,6848
116,6896
117,6968
118,7032
119,7080
120,7144
121,7208
122,7256
123,7320
124,7384
125,7456
126,7536
127,7568
128,7584
129,7616
130,7632
131,7688
132,7744
133,7776
134,7808
135,7832
136,7848
137,7880
138,7928
139,8000
140,8048
141,8112
142,8192
143,8240
144,8312
145,8368
146,8432
147,8496
148,8528
149,8576
150,8648
151,8696
152,8728
153,8760
154,8816
155,8864
156,8928
157,8992
158,9048
159,9120
160,9168
161,9240
162,9304
163,9368
164,9432
165,9480
166,9544
167,9592
168,9680
169,9744
170,9792
171,9856
172,9904
173,9968
174,10016
175,10080
176,10144
177,10208
178,10272
179,10320
180,10384
181,10448
182,10504
183,10568
184,10616
185,10688
186,10736
187,10800
188,10864
189,10896
190,10944
191,11008
192,11072
193,11120
194,11184
195,11232
196,11296
197,11344
198,11408
199,11464
200,11528
201,11600
202,11648
203,11712
204,11760
205,11832
206,11880
207,11952
208,12016
209,12064
210,12128
211,12176
212,12248
213,12312
214,12360
215,12432
216,12480
217,12552
218,12616
219,12680
220,12744
221,12800
222,12872
223,12920
224,12992
225,13064
226,13112
227,13192
228,13248
229,13312
230,13360
231,13432
232,13496
233,13544
234,13616
235,13672
236,13736
237,13808
238,13856
239,13920
240,13968
241,14040
242,14088
243,14160
244,14224
245,14272
246,14344
247,14392
248,14456
249,14512
250,14576
251,14624
252,14688
253,14760
254,14808
255,14872
256,14920
257,14984
258,15040
259,15104
260,15168
261,15216
262,15288
263,15336
264,15400
265,15472
266,15520
267,15584
268,15640
269,15688
270,15720
271,15752
272,15816
273,15896
274,15944
275,16008
276,16056
277,16136
278,16184
279,16248
280,16296
281,16360
282,16432
283,16480
284,16528
285,16592
286,16640
287,16704
288,16784
289,16832
290,16880
291,16952
292,16984
293,17024