SkiplistInsert
1,0
2,0
3,264
4,352
5,448
6,560
7,656
8,744
9,816
10,952
11,1008
12,1088
13,1184
14,1280
15,1368
16,1464
17,1568
18,1656
19,1704
20,1776
21,1848
22,1904
23,1976
24,2056
25,2120
26,2208
27,2288
28,2352
29,2472
30,2520
31,2600
32,2680
33,2808
34,2880
35,2960
36,3056
37,3184
38,3288
39,3352
40,3400
41,3472
42,3528
43,3600
44,3688
45,3776
46,3856
47,3920
48,4032
49,4088
50,4192
51,4288
52,4376
53,4504
54,4576
55,4664
56,4720
57,4808
58,4904
59,4984
60,5096
61,5200
62,5320
63,5432
64,5528
65,5576
66,5648
67,5720
68,5768
69,5848
70,5880
71,5912
72,5928
73,5984
74,6000
75,6048
76,6104
77,6120
78,6176
79,6208
80,6256
81,6304
82,6392
83,6528
84,6584
85,6696
86,6784
87,6880
88,6960
89,7048
90,7128
91,7240
92,7296
93,7368
94,7416
95,7456
96,7488
97,7584
98,7648
99,7664
100,7720
101,7760
102,7808
103,7856
104,7912
105,8024
106,8072
107,8128
108,8192
109,8248
110,8376
111,8480
112,8544
113,8624
114,8720
115,8776
116,8840
117,8928
118,9008
119,9120
120,9200
121,9272
122,9384
123,9440
124,9488
125,9576
126,9656
127,9728
128,9776
129,9880
130,9952
131,10016
132,10112
133,10168
134,10264
135,10336
136,10432
137,10496
138,10536
139,10568
140,10624
141,10696
142,10784
143,10856
144,10936
145,11008
146,11088
147,11144
148,11240
149,11296
150,11360
151,11424
152,11512
153,11560
154,11640
155,11768
156,11888
157,11936
158,12056
159,12104
160,12192
161,12288
162,12376
163,12464
164,12512
165,12640
166,12720
167,12824
168,12880
169,12984
170,13048
171,13136
172,13184
173,13272
174,13336
175,13400
176,13456
177,13584
178,13672
179,13752
180,13912
181,13968
182,14056
183,14144
184,14256
185,14312
186,14384
187,14504
188,14552
189,14640
190,14704
191,14824
192,14888
193,14960
194,15008
195,15104
196,15160
197,15320
198,15432
199,15512
200,15584
201,15648
202,15808
203,15864
204,15976
205,16032
206,16096
207,16168
208,16280
209,16344
210,16448
211,16504
212,16592
213,16688
214,16768
215,16816
216,16928
217,16992
218,17056
219,17160
220,17216
221,17288
222,17336
223,17472
224,17544
225,17624
226,17680
227,17768
228,17840
229,17944
230,18080
231,18136
232,18192
233,18288
234,18344
235,18432
236,18544
237,18592
238,18672
239,18752
240,18832
241,18896
242,18968
243,19112
244,19176
245,19256
246,19328
247,19376
248,19448
249,19504
250,19624
251,19680
252,19768
253,19856
254,19936
255,20008
256,20072
257,20176
258,20240
259,20344
260,20472
261,20520
262,20576
263,20656
264,20752
265,20832
266,20912
267,20960
268,21024
269,21072
270,21144
271,21208
272,21328
273,21384
274,21504
275,21616
276,21680
277,21736
278,21816
279,21880
280,21944
281,22048
282,22096
283,22152
284,22272
285,22376
286,22480
287,22528
288,22680
289,22736
290,22792
291,22888
292,23000
293,23064
294,23168
295,23256
296,23360
297,23464
298,23552
299,23608
300,23688
301,23816
302,23872
303,23968
304,24048